0 0
1 3
2 0
3 2
4 1
5 1
6 0
7 3
8 1
9 5
10 3
11 0
12 2
13 3
14 2
15 3
16 2
17 4
18 0
19 0
20 0
21 3
22 3
23 2
24 3
25 4
26 2
27 0
28 3
29 4
30 4
31 4
32 4
33 0
34 3
35 0
36 1
37 3
38 0
39 0
40 0
41 0
42 0
43 0
44 0
45 0
46 0
47 0
48 3
49 0
50 3
51 3
52 0
53 5
54 3
55 2
56 4
57 2
58 3
59 0
60 2
61 5
62 3
63 1
64 0
65 3
66 3
67 3
68 2
69 3
70 0
71 0
72 0
73 2
74 4
75 0
76 0
77 4
78 4
79 3
80 2
81 0
82 3
83 4
84 0
85 3
86 2
87 1
88 3
89 0
90 4
91 5
92 0
93 3
94 3
95 3
96 4
97 1
98 3
99 0
100 3
101 0
102 4
103 3
104 0
105 3
106 3
107 3
108 2
109 0
110 0
111 0
112 2
113 1
114 0
115 0
116 0
117 2
118 3
119 0
120 2
121 0
122 3
123 4
124 1
125 0
126 1
127 3
128 2
129 5
130 4
131 0
132 0
133 0
134 1
135 5
136 0
137 0
138 0
139 0
140 1
141 0
142 0
143 5
144 0
145 0
146 0
147 3
148 0
149 2
150 2
151 3
152 3
153 3
154 3
155 3
156 3
157 3
158 0
159 4
160 0
161 5
162 4
163 0
164 2
165 0
166 0
167 3
168 2
169 5
170 0
171 0
172 4
173 1
174 0
175 4
176 3
177 0
178 3
179 4
180 3
181 0
182 3
183 4
184 3
185 0
186 0
187 0
188 0
189 3
190 0
191 4
192 0
193 0
194 3
195 5
196 0
197 0
198 0
199 0
200 3
201 1
202 0
203 0
204 0
205 3
206 3
207 5
208 0
209 0
210 5
211 0
212 3
213 3
214 0
215 4
216 3
217 1
218 4
219 3
220 3
221 3
222 3
223 3
224 3
225 5
226 0
227 3
228 3
229 0
230 0
231 3
232 3
233 3
234 3
235 3
236 3
237 0
238 2
239 0
240 0
241 0
242 0
243 4
244 3
245 0
246 0
247 0
248 3
249 5
250 0
251 3
252 0
253 3
254 3
255 0
256 3
257 3
258 0
259 3
260 0
261 3
262 4
263 1
264 0
265 3
266 4
267 3
268 4
269 1
270 1
271 0
272 4
273 1
274 4
275 3
276 3
277 0
278 4
279 5
280 1
281 0
282 0
283 1
284 4
285 4
286 4
287 0
288 1
289 1
290 1
291 3
292 3
293 5
294 1
295 3
296 3
297 4
298 1
299 3
300 5
301 2
302 3
303 3
304 3
305 4
306 0
307 0
308 2
309 5
310 3
311 2
312 0
313 0
314 0
315 0
316 0
317 3
318 3
319 0
320 0
321 3
322 3
323 0
324 2
325 2
326 2
327 2
328 1
329 1
330 1
331 2
332 3
333 0
334 0
335 3
336 3
337 0
338 4
339 0
340 0
341 0
342 3
343 5
344 0
345 0
346 0
347 0
348 0
349 3
350 0
351 0
352 2
353 2
354 2
355 3
356 3
357 3
358 5
359 5
360 0
361 0
362 2
363 3
364 3
365 3
366 3
367 0
368 0
369 0
370 5
371 2
372 3
373 0
374 3
375 2
376 2
377 2
378 2
379 0
380 4
381 5
382 3
383 2
384 2
385 0
386 0
387 0
388 0
389 0
390 3
391 3
392 3
393 0
394 0
395 1
396 5
397 5
398 5
399 0
400 0
401 0
402 0
403 0
404 0
405 0
406 3
407 4
408 3
409 0
410 0
411 0
412 0
413 5
414 3
415 5
416 0
417 0
418 0
419 3
420 3
421 2
422 3
423 2
424 0
425 0
426 0
427 3
428 3
429 4
430 4
431 1
432 5
433 5
434 0
435 0
436 0
437 3
438 3
439 3
440 3
441 2
442 3
443 2
444 3
445 3
446 4
447 3
448 0
449 2
450 2
451 3
452 4
453 0
454 0
455 3
456 3
457 4
458 4
459 3
460 3
461 2
462 3
463 3
464 0
465 5
466 5
467 0
468 3
469 3
470 3
471 3
472 0
473 3
474 4
475 3
476 3
477 3
478 0
479 4
480 0
481 3
482 3
483 3
484 0
485 3
486 0
487 0
488 0
489 0
490 4
491 5
492 0
493 0
494 0
495 0
496 0
497 0
498 4
499 0
500 0
501 3
502 3
503 3
504 0
505 4
506 0
507 3
508 3
509 0
510 3
511 0
512 2
513 2
514 0
515 0
516 3
517 3
518 2
519 0
520 0
521 3
522 3
523 3
524 2
525 3
526 0
527 0
528 1
529 0
530 0
531 0
532 0
533 4
534 4
535 3
536 0
537 4
538 3
539 3
540 1
541 3
542 0
543 5
544 1
545 2
546 0
547 3
548 0
549 3
550 3
551 3
552 2
553 4
554 3
555 3
556 2
557 3
558 3
559 5
560 3
561 4
562 4
563 5
564 0
565 5
566 3
567 4
568 0
569 0
570 0
571 3
572 3
573 3
574 3
575 3
576 3
577 1
578 2
579 0
580 3
581 3
582 5
583 0
584 0
585 0
586 3
587 0
588 2
589 0
590 3
591 1
592 3
593 0
594 0
595 0
596 0
597 3
598 3
599 3
600 0
601 4
602 3
603 0
604 0
605 0
606 0
607 0
608 3
609 3
610 5
611 0
612 0
613 0
614 1
615 1
616 3
617 4
618 0
619 3
620 0
621 0
622 0
623 0
624 0
625 0
626 2
627 1
628 5
629 2
630 0
631 0
632 0
633 3
634 3
635 5
636 3
637 2
638 2
639 3
640 3
641 0
642 0
643 0
644 1
645 2
646 3
647 0
648 3
649 0
650 0
651 0
652 1
653 5
654 0
655 3
656 0
657 5
658 3
659 0
660 0
661 0
662 5
663 0
664 4
665 3
666 0
667 0
668 3
669 3
670 3
671 0
672 4
673 3
674 0
675 0
676 0
677 2
678 0
679 2
680 3
681 5
682 0
683 3
684 3
685 3
686 3
687 3
688 3
689 4
690 0
691 0
692 0
693 4
694 3
695 5
696 1
697 3
698 3
699 3
700 3
701 3
702 2
703 0
704 5
705 5
706 3
707 3
708 3
709 2
710 2
711 3
712 2
713 4
714 3
715 5
716 5
717 3
718 0
719 0
720 0
721 0
722 0
723 1
724 1
725 3
726 0
727 3
728 3
729 0
730 0
731 0
732 4
733 0
734 0
735 0
736 0
737 0
738 3
739 1
740 4
741 0
742 3
743 2
744 3
745 3
746 3
747 3
748 3
749 3
750 0
751 0
752 0
753 0
754 4
755 3
756 2
757 0
758 0
759 0
760 0
761 0
762 2
763 3
764 0
765 2
766 5
767 0
768 3
769 4
770 4
771 3
772 3
773 3
774 2
775 0
776 2
777 3
778 0
779 3
780 2
781 2
782 4
783 2
784 2
785 0
786 0
787 0
788 0
789 1
790 0
791 3
792 0
793 4
794 0
795 5
796 0
797 3
798 4
799 3
800 3
801 4
802 4
803 3
804 3
805 3
806 0
807 0
808 0
809 0
810 5
811 0
812 3
813 4
814 0
815 0
816 0
817 0
818 5
819 3
820 5
821 0
822 0
823 4
824 0
825 3
826 1
827 3
828 3
829 3
830 2
831 4
832 4
833 4
834 0
835 0
836 0
837 0
838 1
839 3
840 0
841 3
842 3
843 0
844 3
845 2
846 0
847 0
848 0
849 0
850 0
851 5
852 5
853 5
854 0
855 0
856 1
857 5
858 5
859 4
860 0
861 0
862 4
863 0
864 0
865 0
866 0
867 2
868 0
869 0
870 5
871 3
872 0
873 3
874 0
875 0
876 3
877 0
878 2
879 0
880 2
881 4
882 3
883 3
884 4
885 0
886 4
887 4
888 3
889 1
890 1
891 4
892 0
893 0
894 2
895 4
896 2
897 4
898 0
899 3
900 0
901 3
902 3
903 3
904 3
905 3
906 3
907 0
908 5
909 4
910 3
911 3
912 1
913 4
914 3
915 5
916 1
917 2
918 3
919 0
920 3
921 3
922 3
923 0
924 4
925 0
926 5
927 5
928 0
929 3
930 0
931 0
932 0
933 0
934 3
935 0
936 0
937 0
938 0
939 0
940 1
941 0
942 0
943 0
944 5
945 0
946 3
947 2
948 1
949 1
950 0
951 0
952 3
953 3
954 0
955 0
956 3
957 0
958 3
959 0
960 2
961 5
962 0
963 4
964 0
965 0
966 1
967 3
968 5
969 5
970 0
971 2
972 2
973 0
974 3
975 0
976 3
977 3
978 2
979 0
980 0
981 0
982 0
983 0
984 0
985 1
986 0
987 3
988 0
989 0
990 0
991 4
992 3
993 4
994 0
995 0
996 0
997 4
998 3
999 3
1000 3
1001 2
1002 0
1003 0
1004 3
1005 3
1006 3
1007 3
1008 3
1009 0
1010 0
1011 4
1012 3
1013 2
1014 4
1015 2
1016 2
1017 1
1018 4
1019 4
1020 0
1021 2
1022 3
1023 2
1024 0
1025 1
1026 4
1027 4
1028 2
1029 2
1030 1
1031 5
1032 0
1033 4
1034 4
1035 2
1036 3
1037 2
1038 2
1039 4
1040 2
1041 2
1042 2
1043 2
1044 1
1045 5
1046 2
1047 2
1048 2
1049 2
1050 4
1051 5
1052 4
1053 4
1054 2
1055 4
1056 2
1057 4
1058 2
1059 4
1060 2
1061 3
1062 3
1063 4
1064 5
1065 0
1066 4
1067 2
1068 2
1069 0
1070 2
1071 4
1072 4
1073 3
1074 1
1075 3
1076 2
1077 0
1078 2
1079 0
1080 4
1081 2
1082 4
1083 2
1084 0
1085 4
1086 2
1087 0
1088 2
1089 2
1090 2
1091 4
1092 0
1093 4
1094 5
1095 4
1096 5
1097 5
1098 2
1099 4
1100 2
1101 2
1102 2
1103 0
1104 1
1105 2
1106 2
1107 2
1108 5
1109 2
1110 4
1111 4
1112 1
1113 5
1114 3
1115 3
1116 2
1117 2
1118 4
1119 2
1120 1
1121 5
1122 2
1123 4
1124 5
1125 2
1126 0
1127 2
1128 5
1129 4
1130 4
1131 3
1132 2
1133 2
1134 1
1135 2
1136 2
1137 4
1138 2
1139 4
1140 4
1141 2
1142 2
1143 4
1144 3
1145 4
1146 2
1147 4
1148 2
1149 5
1150 2
1151 5
1152 2
1153 4
1154 1
1155 3
1156 4
1157 4
1158 5
1159 2
1160 1
1161 2
1162 4
1163 2
1164 4
1165 3
1166 4
1167 3
1168 4
1169 3
1170 2
1171 4
1172 4
1173 2
1174 2
1175 4
1176 2
1177 3
1178 5
1179 4
1180 2
1181 1
1182 5
1183 5
1184 3
1185 5
1186 5
1187 4
1188 5
1189 4
1190 2
1191 3
1192 2
1193 1
1194 4
1195 4
1196 2
1197 3
1198 5
1199 3
1200 2
1201 5
1202 5
1203 3
1204 4
1205 0
1206 2
1207 3
1208 4
1209 3
1210 2
1211 0
1212 3
1213 1
1214 5
1215 5
1216 0
1217 5
1218 5
1219 3
1220 1
1221 5
1222 3
1223 5
1224 5
1225 2
1226 3
1227 4
1228 2
1229 3
1230 3
1231 3
1232 5
1233 0
1234 3
1235 5
1236 2
1237 1
1238 3
1239 3
1240 0
1241 3
1242 2
1243 5
1244 3
1245 4
1246 2
1247 3
1248 2
1249 3
1250 2
1251 2
1252 5
1253 2
1254 4
1255 2
1256 2
1257 3
1258 5
1259 5
1260 1
1261 2
1262 2
1263 5
1264 3
1265 5
1266 5
1267 3
1268 2
1269 4
1270 5
1271 4
1272 3
1273 3
1274 4
1275 2
1276 5
1277 4
1278 4
1279 3
1280 5
1281 3
1282 3
1283 3
1284 3
1285 5
1286 2
1287 0
1288 4
1289 2
1290 3
1291 5
1292 5
1293 5
1294 2
1295 2
1296 4
1297 1
1298 5
1299 5
1300 5
1301 5
1302 2
1303 5
1304 4
1305 3
1306 5
1307 2
1308 5
1309 2
1310 4
1311 2
1312 4
1313 3
1314 4
1315 4
1316 4
1317 5
1318 4
1319 4
1320 2
1321 2
1322 3
1323 4
1324 5
1325 5
1326 3
1327 4
1328 0
1329 4
1330 3
1331 3
1332 5
1333 5
1334 3
1335 3
1336 3
1337 5
1338 5
1339 3
1340 5
1341 5
1342 4
1343 0
1344 5
1345 3
1346 5
1347 2
1348 1
1349 3
1350 4
1351 3
1352 2
1353 1
1354 4
1355 1
1356 1
1357 4
1358 1
1359 4
1360 4
1361 5
1362 2
1363 4
1364 4
1365 4
1366 4
1367 4
1368 1
1369 4
1370 4
1371 2
1372 4
1373 2
1374 3
1375 4
1376 4
1377 5
1378 4
1379 1
1380 4
1381 3
1382 5
1383 3
1384 1
1385 4
1386 1
1387 3
1388 0
1389 2
1390 2
1391 2
1392 2
1393 2
1394 2
1395 3
1396 2
1397 3
1398 4
1399 4
1400 1
1401 2
1402 2
1403 2
1404 2
1405 2
1406 4
1407 4
1408 4
1409 4
1410 3
1411 2
1412 1
1413 0
1414 1
1415 1
1416 2
1417 2
1418 5
1419 3
1420 0
1421 5
1422 5
1423 5
1424 3
1425 2
1426 2
1427 2
1428 4
1429 4
1430 3
1431 1
1432 5
1433 5
1434 5
1435 5
1436 5
1437 0
1438 4
1439 2
1440 2
1441 4
1442 2
1443 1
1444 2
1445 2
1446 5
1447 5
1448 5
1449 2
1450 2
1451 4
1452 5
1453 5
1454 3
1455 5
1456 5
1457 5
1458 4
1459 1
1460 3
1461 5
1462 1
1463 5
1464 3
1465 5
1466 2
1467 3
1468 2
1469 5
1470 5
1471 3
1472 2
1473 2
1474 3
1475 2
1476 1
1477 0
1478 2
1479 2
1480 2
1481 2
1482 5
1483 4
1484 5
1485 2
1486 4
1487 5
1488 5
1489 1
1490 5
1491 2
1492 4
1493 4
1494 2
1495 4
1496 0
1497 2
1498 2
1499 2
1500 2
1501 5
1502 5
1503 5
1504 1
1505 5
1506 2
1507 2
1508 2
1509 2
1510 4
1511 3
1512 4
1513 4
1514 1
1515 3
1516 4
1517 3
1518 5
1519 5
1520 0
1521 3
1522 4
1523 4
1524 4
1525 2
1526 3
1527 0
1528 2
1529 2
1530 5
1531 2
1532 2
1533 2
1534 1
1535 1
1536 2
1537 2
1538 2
1539 2
1540 5
1541 5
1542 5
1543 3
1544 2
1545 2
1546 2
1547 2
1548 4
1549 5
1550 5
1551 2
1552 5
1553 3
1554 5
1555 2
1556 2
1557 4
1558 4
1559 1
1560 1
1561 4
1562 2
1563 4
1564 1
1565 4
1566 0
1567 0
1568 3
1569 4
1570 2
1571 5
1572 5
1573 2
1574 4
1575 5
1576 0
1577 1
1578 5
1579 2
1580 5
1581 4
1582 5
1583 4
1584 4
1585 4
1586 3
1587 3
1588 3
1589 5
1590 5
1591 4
1592 3
1593 3
1594 4
1595 4
1596 4
1597 3
1598 3
1599 2
1600 2
1601 2
1602 2
1603 5
1604 2
1605 2
1606 2
1607 2
1608 2
1609 5
1610 4
1611 2
1612 5
1613 2
1614 2
1615 2
1616 2
1617 5
1618 5
1619 4
1620 2
1621 0
1622 2
1623 2
1624 4
1625 4
1626 5
1627 4
1628 3
1629 4
1630 2
1631 4
1632 2
1633 2
1634 2
1635 3
1636 2
1637 4
1638 1
1639 2
1640 4
1641 4
1642 3
1643 4
1644 3
1645 5
1646 2
1647 2
1648 5
1649 3
1650 3
1651 4
1652 0
1653 4
1654 1
1655 5
1656 5
1657 4
1658 4
1659 2
1660 3
1661 2
1662 3
1663 4
1664 3
1665 4
1666 4
1667 3
1668 3
1669 5
1670 5
1671 5
1672 2
1673 2
1674 5
1675 0
1676 5
1677 3
1678 3
1679 2
1680 4
1681 4
1682 2
1683 5
1684 2
1685 2
1686 4
1687 2
1688 2
1689 4
1690 2
1691 4
1692 1
1693 2
1694 1
1695 2
1696 4
1697 4
1698 5
1699 3
1700 4
1701 2
1702 5
1703 5
1704 5
1705 5
1706 5
1707 2
1708 5
1709 5
1710 4
1711 5
1712 5
1713 5
1714 3
1715 4
1716 4
1717 4
1718 3
1719 5
1720 2
1721 4
1722 0
1723 2
1724 3
1725 2
1726 4
1727 4
1728 4
1729 1
1730 2
1731 4
1732 4
1733 4
1734 4
1735 4
1736 4
1737 4
1738 4
1739 5
1740 3
1741 3
1742 4
1743 4
1744 4
1745 4
1746 1
1747 2
1748 3
1749 5
1750 2
1751 2
1752 3
1753 3
1754 1
1755 5
1756 2
1757 1
1758 0
1759 4
1760 5
1761 3
1762 2
1763 2
1764 5
1765 5
1766 3
1767 4
1768 4
1769 2
1770 0
1771 0
1772 5
1773 2
1774 5
1775 2
1776 2
1777 5
1778 4
1779 3
1780 4
1781 3
1782 0
1783 3
1784 5
1785 5
1786 2
1787 4
1788 3
1789 4
1790 2
1791 1
1792 5
1793 5
1794 5
1795 4
1796 3
1797 4
1798 2
1799 3
1800 1
1801 2
1802 2
1803 4
1804 2
1805 5
1806 3
1807 3
1808 2
1809 2
1810 4
1811 5
1812 2
1813 2
1814 2
1815 4
1816 4
1817 2
1818 2
1819 5
1820 5
1821 3
1822 4
1823 4
1824 4
1825 5
1826 4
1827 5
1828 2
1829 3
1830 2
1831 5
1832 3
1833 2
1834 5
1835 5
1836 5
1837 5
1838 5
1839 5
1840 4
1841 5
1842 0
1843 0
1844 0
1845 5
1846 5
1847 2
1848 0
1849 0
1850 3
1851 2
1852 3
1853 5
1854 5
1855 4
1856 3
1857 1
1858 1
1859 1
1860 2
1861 5
1862 1
1863 3
1864 2
1865 4
1866 2
1867 2
1868 0
1869 4
1870 5
1871 5
1872 5
1873 4
1874 1
1875 2
1876 4
1877 5
1878 5
1879 0
1880 2
1881 0
1882 2
1883 3
1884 3
1885 2
1886 5
1887 0
1888 0
1889 5
1890 5
1891 3
1892 1
1893 2
1894 2
1895 3
1896 2
1897 3
1898 3
1899 3
1900 5
1901 5
1902 2
1903 0
1904 4
1905 4
1906 5
1907 3
1908 2
1909 2
1910 2
1911 2
1912 2
1913 1
1914 2
1915 2
1916 5
1917 5
1918 5
1919 4
1920 4
1921 3
1922 5
1923 4
1924 2
1925 5
1926 5
1927 2
1928 2
1929 5
1930 2
1931 4
1932 2
1933 0
1934 4
1935 0
1936 0
1937 3
1938 3
1939 2
1940 5
1941 4
1942 4
1943 2
1944 5
1945 5
1946 4
1947 4
1948 3
1949 3
1950 2
1951 3
1952 1
1953 5
1954 5
1955 5
1956 3
1957 4
1958 2
1959 2
1960 5
1961 4
1962 4
1963 4
1964 5
1965 1
1966 4
1967 2
1968 4
1969 3
1970 4
1971 4
1972 4
1973 4
1974 5
1975 4
1976 3
1977 1
1978 4
1979 3
1980 5
1981 1
1982 0
1983 0
1984 2
1985 4
1986 2
1987 2
1988 2
1989 3
1990 2
1991 3
1992 1
1993 1
1994 5
1995 4
1996 4
1997 4
1998 3
1999 3
2000 5
2001 5
2002 5
2003 5
2004 5
2005 5
2006 5
2007 4
2008 5
2009 5
2010 2
2011 2
2012 0
2013 1
2014 4
2015 4
2016 3
2017 3
2018 3
2019 4
2020 4
2021 2
2022 2
2023 5
2024 3
2025 5
2026 4
2027 4
2028 1
2029 1
2030 4
2031 3
2032 5
2033 5
2034 2
2035 3
2036 2
2037 2
2038 0
2039 5
2040 4
2041 2
2042 3
2043 4
2044 3
2045 2
2046 2
2047 2
2048 5
2049 5
2050 5
2051 2
2052 5
2053 2
2054 5
2055 5
2056 5
2057 2
2058 2
2059 2
2060 5
2061 4
2062 5
2063 5
2064 3
2065 3
2066 3
2067 0
2068 3
2069 3
2070 4
2071 5
2072 5
2073 3
2074 2
2075 5
2076 4
2077 4
2078 0
2079 2
2080 5
2081 4
2082 4
2083 1
2084 4
2085 3
2086 0
2087 0
2088 4
2089 0
2090 3
2091 3
2092 5
2093 2
2094 1
2095 5
2096 4
2097 3
2098 5
2099 5
2100 2
2101 2
2102 2
2103 4
2104 3
2105 2
2106 2
2107 2
2108 2
2109 5
2110 5
2111 5
2112 5
2113 5
2114 5
2115 2
2116 4
2117 0
2118 3
2119 2
2120 3
2121 5
2122 5
2123 5
2124 5
2125 2
2126 5
2127 5
2128 3
2129 1
2130 4
2131 4
2132 4
2133 4
2134 0
2135 4
2136 2
2137 0
2138 2
2139 2
2140 2
2141 4
2142 1
2143 1
2144 1
2145 5
2146 3
2147 0
2148 5
2149 3
2150 3
2151 5
2152 3
2153 2
2154 3
2155 2
2156 4
2157 3
2158 0
2159 4
2160 4
2161 3
2162 3
2163 2
2164 2
2165 2
2166 2
2167 2
2168 2
2169 2
2170 4
2171 4
2172 4
2173 4
2174 4
2175 5
2176 4
2177 4
2178 1
2179 0
2180 2
2181 3
2182 1
2183 4
2184 2
2185 0
2186 1
2187 0
2188 3
2189 3
2190 5
2191 1
2192 4
2193 2
2194 4
2195 4
2196 1
2197 1
2198 1
2199 4
2200 0
2201 2
2202 4
2203 2
2204 4
2205 2
2206 2
2207 4
2208 0
2209 4
2210 4
2211 4
2212 2
2213 2
2214 3
2215 4
2216 2
2217 2
2218 2
2219 0
2220 2
2221 2
2222 2
2223 2
2224 3
2225 4
2226 0
2227 4
2228 2
2229 0
2230 4
2231 2
2232 0
2233 1
2234 2
2235 2
2236 2
2237 4
2238 3
2239 0
2240 3
2241 4
2242 3
2243 5
2244 2
2245 2
2246 3
2247 4
2248 2
2249 1
2250 4
2251 2
2252 2
2253 2
2254 5
2255 5
2256 2
2257 2
2258 2
2259 3
2260 5
2261 2
2262 5
2263 2
2264 2
2265 4
2266 3
2267 4
2268 4
2269 4
2270 2
2271 2
2272 1
2273 5
2274 4
2275 4
2276 2
2277 4
2278 2
2279 5
2280 2
2281 1
2282 0
2283 2
2284 1
2285 0
2286 2
2287 5
2288 0
2289 4
2290 0
2291 2
2292 5
2293 3
2294 3
2295 2
2296 5
2297 4
2298 3
2299 2
2300 3
2301 4
2302 1
2303 4
2304 2
2305 2
2306 2
2307 2
2308 4
2309 2
2310 2
2311 4
2312 0
2313 4
2314 2
2315 4
2316 3
2317 1
2318 1
2319 2
2320 4
2321 5
2322 4
2323 2
2324 4
2325 2
2326 4
2327 4
2328 3
2329 4
2330 3
2331 1
2332 2
2333 2
2334 0
2335 2
2336 5
2337 5
2338 5
2339 2
2340 3
2341 0
2342 3
2343 2
2344 2
2345 1
2346 5
2347 5
2348 0
2349 2
2350 2
2351 0
2352 2
2353 1
2354 0
2355 3
2356 2
2357 0
2358 5
2359 3
2360 0
2361 3
2362 4
2363 3
2364 3
2365 1
2366 4
2367 4
2368 5
2369 5
2370 4
2371 2
2372 2
2373 3
2374 4
2375 4
2376 5
2377 2
2378 4
2379 0
2380 4
2381 5
2382 5
2383 0
2384 3
2385 3
2386 0
2387 5
2388 2
2389 4
2390 2
2391 0
2392 4
2393 5
2394 4
2395 1
2396 5
2397 4
2398 5
2399 3
2400 3
2401 3
2402 5
2403 3
2404 4
2405 5
2406 3
2407 2
2408 3
2409 2
2410 1
2411 5
2412 5
2413 5
2414 5
2415 2
2416 4
2417 2
2418 5
2419 4
2420 4
2421 0
2422 2
2423 2
2424 5
2425 5
2426 5
2427 3
2428 5
2429 0
2430 1
2431 4
2432 5
2433 4
2434 0
2435 0
2436 5
2437 4
2438 0
2439 5
2440 5
2441 0
2442 3
2443 0
2444 0
2445 0
2446 3
2447 2
2448 1
2449 0
2450 3
2451 2
2452 5
2453 3
2454 0
2455 0
2456 2
2457 4
2458 5
2459 4
2460 3
2461 5
2462 1
2463 3
2464 3
2465 0
2466 3
2467 4
2468 4
2469 0
2470 4
2471 1
2472 5
2473 3
2474 2
2475 5
2476 2
2477 4
2478 2
2479 1
2480 3
2481 4
2482 3
2483 2
2484 0
2485 2
2486 2
2487 0
2488 4
2489 2
2490 2
2491 2
2492 4
2493 3
2494 4
2495 4
2496 3
2497 4
2498 1
2499 1
2500 2
2501 1
2502 3
2503 2
2504 1
2505 2
2506 4
2507 3
2508 4
2509 3
2510 2
2511 2
2512 4
2513 3
2514 3
2515 5
2516 1
2517 1
2518 5
2519 5
2520 2
2521 3
2522 2
2523 2
2524 1
2525 3
2526 3
2527 4
2528 3
2529 2
2530 2
2531 0
2532 0
2533 0
2534 2
2535 2
2536 2
2537 5
2538 2
2539 1
2540 0
2541 3
2542 3
2543 0
2544 0
2545 1
2546 1
2547 2
2548 3
2549 5
2550 5
2551 1
2552 2
2553 5
2554 0
2555 5
2556 2
2557 2
2558 3
2559 5
2560 4
2561 2
2562 1
2563 1
2564 3
2565 1
2566 2
2567 2
2568 1
2569 5
2570 3
2571 3
2572 2
2573 5
2574 3
2575 0
2576 5
2577 3
2578 2
2579 2
2580 2
2581 4
2582 2
2583 2
2584 2
2585 2
2586 2
2587 2
2588 3
2589 2
2590 2
2591 1
2592 5
2593 4
2594 2
2595 2
2596 2
2597 3
2598 2
2599 4
2600 4
2601 2
2602 2
2603 2
2604 4
2605 0
2606 0
2607 4
2608 0
2609 2
2610 5
2611 2
2612 2
2613 1
2614 0
2615 0
2616 0
2617 0
2618 0
2619 0
2620 2
2621 2
2622 1
2623 4
2624 2
2625 2
2626 2
2627 5
2628 4
2629 4
2630 5
2631 4
2632 2
2633 3
2634 3
2635 1
2636 1
2637 1
2638 3
2639 4
2640 4
2641 1
2642 2
2643 4
2644 4
2645 4
2646 0
2647 4
2648 0
2649 2
2650 2
2651 1
2652 2
2653 1
2654 2
2655 4
2656 4
2657 2
2658 2
2659 2
2660 2
2661 2
2662 0
2663 3
2664 5
2665 2
2666 0
2667 4
2668 3
2669 4
2670 3
2671 5
2672 2
2673 2
2674 2
2675 4
2676 3
2677 3
2678 5
2679 3
2680 4
2681 2
2682 4
2683 4
2684 0
2685 4
2686 3
2687 2
2688 2
2689 2
2690 4
2691 4
2692 4
2693 3
2694 3
2695 4
2696 2
2697 1
2698 0
2699 0
2700 2
2701 2
2702 4
2703 0
2704 2
2705 0
2706 3
2707 5
2708 4
2709 2
2710 2
2711 4
2712 2
2713 1
2714 2
2715 5
2716 0
2717 0
2718 5
2719 5
2720 3
2721 0
2722 2
2723 1
2724 2
2725 1
2726 2
2727 0
2728 4
2729 2
2730 5
2731 1
2732 3
2733 2
2734 0
2735 5
2736 2
2737 2
2738 3
2739 5
2740 3
2741 5
2742 2
2743 4
2744 3
2745 3
2746 3
2747 5
2748 5
2749 2
2750 5
2751 4
2752 5
2753 5
2754 5
2755 5
2756 5
2757 1
2758 2
2759 2
2760 2
2761 4
2762 4
2763 3
2764 4
2765 2
2766 1
2767 3
2768 4
2769 4
2770 0
2771 0
2772 2
2773 3
2774 3
2775 5
2776 5
2777 4
2778 3
2779 3
2780 3
2781 4
2782 1
2783 3
2784 5
2785 5
2786 0
2787 4
2788 4
2789 2
2790 0
2791 3
2792 4
2793 3
2794 4
2795 3
2796 5
2797 1
2798 5
2799 4
2800 5
2801 5
2802 4
2803 2
2804 4
2805 1
2806 1
2807 1
2808 0
2809 3
2810 3
2811 1
2812 3
2813 0
2814 3
2815 3
2816 0
2817 3
2818 2
2819 2
2820 5
2821 2
2822 0
2823 5
2824 5
2825 1
2826 5
2827 5
2828 5
2829 5
2830 2
2831 2
2832 2
2833 3
2834 5
2835 4
2836 5
2837 5
2838 5
2839 0
2840 0
2841 4
2842 4
2843 1
2844 4
2845 3
2846 5
2847 4
2848 4
2849 4
2850 0
2851 0
2852 2
2853 2
2854 3
2855 1
2856 1
2857 5
2858 3
2859 5
2860 5
2861 2
2862 5
2863 5
2864 5
2865 3
2866 4
2867 4
2868 3
2869 0
2870 5
2871 3
2872 3
2873 5
2874 3
2875 4
2876 3
2877 2
2878 2
2879 1
2880 3
2881 3
2882 5
2883 0
2884 0
2885 5
2886 5
2887 5
2888 5
2889 5
2890 3
2891 2
2892 3
2893 3
2894 1
2895 5
2896 0
2897 5
2898 4
2899 2
2900 2
2901 2
2902 3
2903 3
2904 4
2905 2
2906 0
2907 3
2908 0
2909 0
2910 2
2911 2
2912 2
2913 2
2914 3
2915 4
2916 5
2917 4
2918 3
2919 4
2920 0
2921 0
2922 4
2923 4
2924 4
2925 1
2926 3
2927 4
2928 1
2929 1
2930 1
2931 4
2932 5
2933 5
2934 4
2935 2
2936 0
2937 2
2938 2
2939 2
2940 4
2941 4
2942 4
2943 2
2944 3
2945 3
2946 2
2947 3
2948 2
2949 2
2950 4
2951 2
2952 2
2953 4
2954 2
2955 2
2956 4
2957 2
2958 2
2959 2
2960 4
2961 5
2962 1
2963 5
2964 2
2965 5
2966 5
2967 3
2968 5
2969 1
2970 2
2971 2
2972 1
2973 1
2974 2
2975 4
2976 3
2977 5
2978 4
2979 4
2980 4
2981 5
2982 5
2983 3
2984 0
2985 0
2986 0
2987 0
2988 4
2989 1
2990 2
2991 1
2992 2
2993 4
2994 1
2995 2
2996 0
2997 1
2998 1
2999 5
3000 3
3001 2
3002 1
3003 0
3004 5
3005 5
3006 5
3007 4
3008 3
3009 3
3010 5
3011 5
3012 3
3013 0
3014 3
3015 3
3016 1
3017 3
3018 2
3019 4
3020 0
3021 2
3022 3
3023 3
3024 2
3025 1
3026 2
3027 2
3028 3
3029 4
3030 2
3031 5
3032 5
3033 0
3034 3
3035 3
3036 1
3037 2
3038 5
3039 5
3040 4
3041 4
3042 5
3043 1
3044 2
3045 5
3046 2
3047 5
3048 0
3049 0
3050 0
3051 2
3052 2
3053 2
3054 2
3055 5
3056 5
3057 0
3058 3
3059 5
3060 1
3061 1
3062 1
3063 1
3064 4
3065 1
3066 1
3067 4
3068 2
3069 2
3070 5
3071 4
3072 4
3073 5
3074 4
3075 0
3076 1
3077 2
3078 3
3079 2
3080 2
3081 5
3082 5
3083 5
3084 5
3085 4
3086 2
3087 1
3088 4
3089 2
3090 4
3091 2
3092 4
3093 4
3094 5
3095 5
3096 0
3097 5
3098 4
3099 4
3100 5
3101 5
3102 5
3103 4
3104 0
3105 1
3106 5
3107 0
3108 4
3109 4
3110 5
3111 1
3112 1
3113 1
3114 0
3115 3
3116 3
3117 1
3118 5
3119 5
3120 5
3121 3
3122 3
3123 5
3124 0
3125 4
3126 0
3127 5
3128 4
3129 3
3130 5
3131 5
3132 2
3133 5
3134 5
3135 3
3136 2
3137 2
3138 5
3139 1
3140 2
3141 2
3142 1
3143 2
3144 2
3145 3
3146 0
3147 0
3148 0
3149 0
3150 0
3151 0
3152 5
3153 3
3154 4
3155 0
3156 2
3157 1
3158 4
3159 2
3160 2
3161 2
3162 3
3163 4
3164 1
3165 4
3166 4
3167 0
3168 0
3169 3
3170 0
3171 2
3172 3
3173 2
3174 3
3175 2
3176 2
3177 5
3178 5
3179 2
3180 0
3181 3
3182 5
3183 2
3184 1
3185 0
3186 5
3187 3
3188 4
3189 4
3190 3
3191 3
3192 2
3193 3
3194 2
3195 2
3196 4
3197 4
3198 1
3199 4
3200 2
3201 2
3202 0
3203 0
3204 4
3205 4
3206 0
3207 2
3208 3
3209 5
3210 2
3211 4
3212 1
3213 4
3214 4
3215 2
3216 4
3217 3
3218 4
3219 5
3220 4
3221 4
3222 0
3223 2
3224 3
3225 5
3226 5
3227 5
3228 2
3229 4
3230 4
3231 2
3232 0
3233 0
3234 1
3235 4
3236 3
3237 2
3238 2
3239 2
3240 0
3241 1
3242 1
3243 5
3244 4
3245 4
3246 4
3247 2
3248 3
3249 5
3250 4
3251 4
3252 3
3253 4
3254 4
3255 3
3256 1
3257 5
3258 2
3259 5
3260 2
3261 2
3262 0
3263 2
3264 2
3265 5
3266 1
3267 2
3268 2
3269 0
3270 4
3271 4
3272 2
3273 4
3274 4
3275 1
3276 3
3277 0
3278 2
3279 2
3280 3
3281 0
3282 3
3283 4
3284 4
3285 1
3286 4
3287 2
3288 4
3289 3
3290 0
3291 4
3292 2
3293 2
3294 4
3295 0
3296 0
3297 4
3298 4
3299 2
3300 3
3301 3
3302 2
3303 3
3304 4
3305 2
3306 4
3307 2
3308 4
3309 3
3310 2
3311 4
